37 5
0000000000000000000000000000000000100
0011110011110011110011111111001110110
0110010110010110010110011001011000110
1100011100011100011100010001110000110
1000011000011000011000010001100000110
1111111111111111111111111111111110110
0000000000000000000000000000000000100
0011110011110011110011111111001110110
0110010110010110010110011001011000110
1100011100011100011100010001110000110
1000011000011000011000010001100000110
1111111111111111111111111111111110110
0000000000000000000000000000000000100
0011110011110011110011111111001110110
0110010110010110010110011001011000110
1100011100011100011100010001110000110
1000011000011000011000010001100000110
1111111111111111111111111111111110110
0000000000000000000000000000000000100
0011110011110011110011111111001110110
0110010110010110010110011001011000110
1100011100011100011100010001110000110
1000011000011000011000010001100000110
1111111111111111111111111111111110110
1111111111111111111111111111111110110
0000000000000000000000000000000000100
0011110011110011110011111111001110110
0110010110010110010110011001011000110
1100011100011100011100010001110000110
1000011000011000011000010001100000110
1111111111111111111111111111111110110
0000000000000000000000000000000000100
0011110011110011110011111111001110110
0110010110010110010110011001011000110
1100011100011100011100010001110000110
1000011000011000011000010001100000110
1111111111111111111111111111111110110
1 1
1 5
5 7
2 7
9 2