79 43
18 174
2 43
50 71
57 159
23 101
47 64
6 7
8 9
9 115
21 21
13 77
28 136
5 189
1 150
15 135
79 182
17 174
14 30
19 185
20 86
39 177
31 117
7 8
24 191
22 10
36 7
27 133
67 92
29 103
10 96
58 195
26 88
11 110
51 181
76 62
63 94
42 143
45 33
64 172
59 67
71 181
37 81
54 123
49 176
62 126
46 182
16 57
3 47
65 127
32 66
38 120
52 56
25 159
43 160
55 31
56 162
4 35
61 52
70 63
60 15
12 5
34 165
48 106
30 28
53 131
66 29
44 53
68 154
41 91
75 120
40 95
72 150
73 78
74 117
77 169
69 100
35 96
78 33
33 109
